ALA 61.84375 
VAL 89.203125 89.1875 89.234375 
LEU 101.90625 103.0625 102.984375 102.734375 103.125 
ILE 102.59375 103.09375 102.859375 102.984375 102.90625 102.734375 102.671875 
PHE 126.015625 125.796875 126.03125 125.90625 
TYR 132.23438 132.40625 132.35938 132.23438 
TRP 151.32812 150.98438 151.10938 151.26562 151.67188 151.5625 151.65625 
CYS 80.234375 80.171875 80.546875 
MET 108.0 107.828125 107.78125 107.671875 108.265625 107.890625 108.15625 108.234375 108.171875 108.015625 107.5 107.96875 107.640625 
SER 68.890625 68.921875 68.65625 
THR 82.6875 82.34375 82.28125 
LYS 114.40625 114.359375 114.078125 114.4375 114.359375 114.25 114.40625 114.328125 114.453125 114.40625 114.40625 114.59375 114.421875 114.453125 114.609375 114.59375 114.375 114.640625 114.40625 114.546875 114.515625 114.46875 114.65625 114.546875 114.640625 114.546875 114.640625 
ARG 131.53125 131.17188 131.42188 131.09375 131.29688 131.4375 131.14062 131.26562 131.375 131.10938 131.4375 130.96875 131.26562 131.32812 131.46875 131.1875 131.57812 131.6875 131.375 131.28125 131.29688 131.625 131.45312 131.26562 131.51562 131.17188 131.20312 131.4375 131.1875 131.71875 130.82812 130.98438 131.5 131.625 
HIS 110.453125 110.25 110.71875 110.703125 110.96875 110.6875 110.859375 110.640625 
ASP 83.125 83.453125 83.46875 83.84375 84.109375 
GLU 96.96875 96.1875 96.796875 97.296875 96.765625 97.015625 97.140625 97.546875 
ASN 88.171875 88.296875 88.15625 88.953125 88.78125 88.890625 88.765625 
GLN 102.46875 101.109375 102.265625 102.296875 102.4375 102.3125 102.34375 102.59375 102.109375 
GLY 48.109375 
