! From the Lovell rotamer library
!   Lovell, Word, Richardson, and Richardson. "The Penultimate
!   Rotamer Library." PROTEINS: Structure, Function, and Genetics,
!   40:389-408 (2000).
! The first line is the number of AA types to be read
! The format for the rest of the file is
! AA_name num_dihedrals num_rotamers
! dihedral_list_one_per_line
! rotamer_angles
19
ALA 0 0
VAL 1 9
N CA CB CG1
54
63
72
166
175
184
-69
-60
-51
LEU 2 15
N CA CB CG
CA CB CG CD1
53 80
62 80
71 80
-186 65
-177 65
-168 65
-181 145
-172 145
-163 145
-94 65
-85 65
-76 65
-74 175
-65 175
-56 175
ILE 2 21
N CA CB CG1
CA CB CG1 CD1
53 100
62 100
71 100
53 170
62 170
71 170
-186 66
-177 66
-168 66
-186 165
-177 165
-168 165
-74 100
-65 100
-56 100
-74 170
-65 170
-56 170
-66 -60
-57 -60
-48 -60
PHE 2 12
N CA CB CG
CA CB CG CD1
53 90
62 90
71 90
-186 80
-177 80
-168 80
-74 -85
-65 -85
-56 -85
-74 -30
-65 -30
-56 -30
TYR 2 12
N CA CB CG
CA CB CG CD1
53 90
62 90
71 90
-186 80
-177 80
-168 80
-74 -85
-65 -85
-56 -85
-74 -30
-65 -30
-56 -30
TRP 2 21
N CA CB CG
CA CB CG CD1
53 -90
62 -90
71 -90
53 90
62 90
71 90
-186 -105
-177 -105
-168 -105
-186 90
-177 90
-168 90
-74 -90
-65 -90
-56 -90
-74 -5
-65 -5
-56 -5
-74 95
-65 95
-56 95
CYS 1 9
N CA CB SG
53
62
71
-186
-177
-168
-74
-65
-56
MET 3 39
N CA CB CG
CA CB CG SD
CB CG SD CE
53 180 75
62 180 75
71 180 75
53 180 -75
62 180 -75
71 180 -75
-186 65 75
-177 65 75
-168 65 75
-186 65 180
-177 65 180
-168 65 180
-186 180 75
-177 180 75
-168 180 75
-186 180 180
-177 180 180
-168 180 180
-186 180 -75
-177 180 -75
-168 180 -75
-76 180 75
-67 180 75
-58 180 75
-76 180 180
-67 180 180
-58 180 180
-76 180 -75
-67 180 -75
-58 180 -75
-74 -65 103
-65 -65 103
-56 -65 103
-74 -65 180
-65 -65 180
-56 -65 180
-74 -65 -70
-65 -65 -70
-56 -65 -70
SER 1 9
N CA CB OG
53
62
71
-186
-177
-168
-74
-65
-56
THR 1 9
N CA CB OG1
53
62
71
-184
-175
-166
-74
-65
-56
LYS 4 81
N CA CB CG
CA CB CG CD
CB CG CD CE
CG CD CE NZ
53 180 68 180
62 180 68 180
71 180 68 180
53 180 180 65
62 180 180 65
71 180 180 65
53 180 180 180
62 180 180 180
71 180 180 180
53 180 180 -65
62 180 180 -65
71 180 180 -65
53 180 -68 180
62 180 -68 180
71 180 -68 180
-186 68 180 65
-177 68 180 65
-168 68 180 65
-186 68 180 180
-177 68 180 180
-168 68 180 180
-186 68 180 -65
-177 68 180 -65
-168 68 180 -65
-186 180 68 65
-177 180 68 65
-168 180 68 65
-186 180 68 180
-177 180 68 180
-168 180 68 180
-186 180 180 65
-177 180 180 65
-168 180 180 65
-186 180 180 180
-177 180 180 180
-168 180 180 180
-186 180 180 -65
-177 180 180 -65
-168 180 180 -65
-186 180 -68 180
-177 180 -68 180
-168 180 -68 180
-186 180 -68 -65
-177 180 -68 -65
-168 180 -68 -65
-99 68 180 180
-90 68 180 180
-81 68 180 180
-76 180 68 65
-67 180 68 65
-58 180 68 65
-76 180 68 180
-67 180 68 180
-58 180 68 180
-76 180 180 65
-67 180 180 65
-58 180 180 65
-76 180 180 180
-67 180 180 180
-58 180 180 180
-76 180 180 -65
-67 180 180 -65
-58 180 180 -65
-76 180 -68 180
-67 180 -68 180
-58 180 -68 180
-76 180 -68 -65
-67 180 -68 -65
-58 180 -68 -65
-71 -68 180 65
-62 -68 180 65
-53 -68 180 65
-71 -68 180 180
-62 -68 180 180
-53 -68 180 180
-71 -68 180 -65
-62 -68 180 -65
-53 -68 180 -65
-71 -68 -68 180
-62 -68 -68 180
-53 -68 -68 180
ARG 4 102
N CA CB CG
CA CB CG CD
CB CG CD NE
CG CD NE CZ
53 180 65 85
62 180 65 85
71 180 65 85
53 180 65 -175
62 180 65 -175
71 180 65 -175
53 180 180 85
62 180 180 85
71 180 180 85
53 180 180 180
62 180 180 180
71 180 180 180
53 180 180 -85
62 180 180 -85
71 180 180 -85
53 180 -65 175
62 180 -65 175
71 180 -65 175
53 180 -65 -85
62 180 -65 -85
71 180 -65 -85
-186 65 65 85
-177 65 65 85
-168 65 65 85
-186 65 65 -175
-177 65 65 -175
-168 65 65 -175
-186 65 180 85
-177 65 180 85
-168 65 180 85
-186 65 180 180
-177 65 180 180
-168 65 180 180
-186 180 65 85
-177 180 65 85
-168 180 65 85
-186 180 65 -175
-177 180 65 -175
-168 180 65 -175
-186 180 65 -105
-177 180 65 -105
-168 180 65 -105
-186 180 180 85
-177 180 180 85
-168 180 180 85
-186 180 180 180
-177 180 180 180
-168 180 180 180
-186 180 180 -85
-177 180 180 -85
-168 180 180 -85
-186 180 -65 105
-177 180 -65 105
-168 180 -65 105
-186 180 -65 175
-177 180 -65 175
-168 180 -65 175
-186 180 -65 -85
-177 180 -65 -85
-168 180 -65 -85
-76 180 65 85
-67 180 65 85
-58 180 65 85
-76 180 65 -175
-67 180 65 -175
-58 180 65 -175
-76 180 65 -105
-67 180 65 -105
-58 180 65 -105
-76 180 180 85
-67 180 180 85
-58 180 180 85
-76 180 180 180
-67 180 180 180
-58 180 180 180
-76 180 180 -85
-67 180 180 -85
-58 180 180 -85
-76 180 -65 105
-67 180 -65 105
-58 180 -65 105
-76 180 -65 175
-67 180 -65 175
-58 180 -65 175
-76 -167 -65 -85
-67 -167 -65 -85
-58 -167 -65 -85
-71 -68 180 85
-62 -68 180 85
-53 -68 180 85
-71 -68 180 180
-62 -68 180 180
-53 -68 180 180
-71 -68 180 -85
-62 -68 180 -85
-53 -68 180 -85
-71 -68 -65 175
-62 -68 -65 175
-53 -68 -65 175
-71 -68 -65 -85
-62 -68 -65 -85
-53 -68 -65 -85
HIS 2 24
N CA CB CG
CA CB CG ND1
53 -75
62 -75
71 -75
53 80
62 80
71 80
-186 -165
-177 -165
-168 -165
-186 -80
-177 -80
-168 -80
-186 60
-177 60
-168 60
-74 -70
-65 -70
-56 -70
-74 165
-65 165
-56 165
-74 80
-65 80
-56 80
ASP 2 15
N CA CB CG
CA CB CG OD1
53 -10
62 -10
71 -10
53 30
62 30
71 30
-186 0
-177 0
-168 0
-186 65
-177 65
-168 65
-79 -15
-70 -15
-61 -15
GLU 3 24
N CA CB CG
CA CB CG CD
CB CG CD OE1
53 180 -20
62 180 -20
71 180 -20
61 -80 0
70 -80 0
79 -80 0
-186 65 10
-177 65 10
-168 65 10
-186 180 0
-177 180 0
-168 180 0
-186 -80 -25
-177 -80 -25
-168 -80 -25
-74 85 0
-65 85 0
-56 85 0
-76 180 -10
-67 180 -10
-58 180 -10
-74 -65 -40
-65 -65 -40
-56 -65 -40
ASN 2 21
N CA CB CG
CA CB CG OD1
53 -10
62 -10
71 -10
53 30
62 30
71 30
-183 -20
-174 -20
-165 -20
-186 30
-177 30
-168 30
-74 -20
-65 -20
-56 -20
-74 -75
-65 -75
-56 -75
-74 120
-65 120
-56 120
GLN 3 27
N CA CB CG
CA CB CG CD
CB CG CD OE1
53 180 20
62 180 20
71 180 20
61 -75 0
70 -75 0
79 -75 0
-186 65 -100
-177 65 -100
-168 65 -100
-186 65 60
-177 65 60
-168 65 60
-186 180 0
-177 180 0
-168 180 0
-74 85 0
-65 85 0
-56 85 0
-76 180 -25
-67 180 -25
-58 180 -25
-74 -65 -40
-65 -65 -40
-56 -65 -40
-74 -65 100
-65 -65 100
-56 -65 100
GLY 0 0
