! From the Lovell rotamer library
!   Lovell, Word, Richardson, and Richardson. "The Penultimate
!   Rotamer Library." PROTEINS: Structure, Function, and Genetics,
!   40:389-408 (2000).
! The first line is the number of AA types to be read
! The format for the rest of the file is
! AA_name num_dihedrals num_rotamers
! dihedral_list_one_per_line
! rotamer_angles
19
ALA 0 0
VAL 1 9
N CA CB CG1
54
63
72
166
175
184
-69
-60
-51
LEU 2 45
N CA CB CG
CA CB CG CD1
53 71
53 80
53 89
62 71
62 80
62 89
71 71
71 80
71 89
-186 56
-186 65
-186 74
-177 56
-177 65
-177 74
-168 56
-168 65
-168 74
-181 136
-181 145
-181 154
-172 136
-172 145
-172 154
-163 136
-163 145
-163 154
-94 56
-94 65
-94 74
-85 56
-85 65
-85 74
-76 56
-76 65
-76 74
-74 166
-74 175
-74 184
-65 166
-65 175
-65 184
-56 166
-56 175
-56 184
ILE 2 63
N CA CB CG1
CA CB CG1 CD1
53 91
53 100
53 109
62 91
62 100
62 109
71 91
71 100
71 109
53 161
53 170
53 179
62 161
62 170
62 179
71 161
71 170
71 179
-186 57
-186 66
-186 75
-177 57
-177 66
-177 75
-168 57
-168 66
-168 75
-186 156
-186 165
-186 174
-177 156
-177 165
-177 174
-168 156
-168 165
-168 174
-74 91
-74 100
-74 109
-65 91
-65 100
-65 109
-56 91
-56 100
-56 109
-74 161
-74 170
-74 179
-65 161
-65 170
-65 179
-56 161
-56 170
-56 179
-66 -69
-66 -60
-66 -51
-57 -69
-57 -60
-57 -51
-48 -69
-48 -60
-48 -51
PHE 2 36
N CA CB CG
CA CB CG CD1
53 81
53 90
53 99
62 81
62 90
62 99
71 81
71 90
71 99
-186 71
-186 80
-186 89
-177 71
-177 80
-177 89
-168 71
-168 80
-168 89
-74 -94
-74 -85
-74 -76
-65 -94
-65 -85
-65 -76
-56 -94
-56 -85
-56 -76
-74 -39
-74 -30
-74 -21
-65 -39
-65 -30
-65 -21
-56 -39
-56 -30
-56 -21
TYR 2 36
N CA CB CG
CA CB CG CD1
53 81
53 90
53 99
62 81
62 90
62 99
71 81
71 90
71 99
-186 71
-186 80
-186 89
-177 71
-177 80
-177 89
-168 71
-168 80
-168 89
-74 -94
-74 -85
-74 -76
-65 -94
-65 -85
-65 -76
-56 -94
-56 -85
-56 -76
-74 -39
-74 -30
-74 -21
-65 -39
-65 -30
-65 -21
-56 -39
-56 -30
-56 -21
TRP 2 63
N CA CB CG
CA CB CG CD1
53 -99
53 -90
53 -81
62 -99
62 -90
62 -81
71 -99
71 -90
71 -81
53 81
53 90
53 99
62 81
62 90
62 99
71 81
71 90
71 99
-186 -114
-186 -105
-186 -96
-177 -114
-177 -105
-177 -96
-168 -114
-168 -105
-168 -96
-186 81
-186 90
-186 99
-177 81
-177 90
-177 99
-168 81
-168 90
-168 99
-74 -99
-74 -90
-74 -81
-65 -99
-65 -90
-65 -81
-56 -99
-56 -90
-56 -81
-74 -14
-74 -5
-74 4
-65 -14
-65 -5
-65 4
-56 -14
-56 -5
-56 4
-74 86
-74 95
-74 104
-65 86
-65 95
-65 104
-56 86
-56 95
-56 104
CYS 1 9
N CA CB SG
53
62
71
-186
-177
-168
-74
-65
-56
MET 3 351
N CA CB CG
CA CB CG SD
CB CG SD CE
53 171 66
53 171 75
53 171 84
53 180 66
53 180 75
53 180 84
53 189 66
53 189 75
53 189 84
62 171 66
62 171 75
62 171 84
62 180 66
62 180 75
62 180 84
62 189 66
62 189 75
62 189 84
71 171 66
71 171 75
71 171 84
71 180 66
71 180 75
71 180 84
71 189 66
71 189 75
71 189 84
53 171 -84
53 171 -75
53 171 -66
53 180 -84
53 180 -75
53 180 -66
53 189 -84
53 189 -75
53 189 -66
62 171 -84
62 171 -75
62 171 -66
62 180 -84
62 180 -75
62 180 -66
62 189 -84
62 189 -75
62 189 -66
71 171 -84
71 171 -75
71 171 -66
71 180 -84
71 180 -75
71 180 -66
71 189 -84
71 189 -75
71 189 -66
-186 56 66
-186 56 75
-186 56 84
-186 65 66
-186 65 75
-186 65 84
-186 74 66
-186 74 75
-186 74 84
-177 56 66
-177 56 75
-177 56 84
-177 65 66
-177 65 75
-177 65 84
-177 74 66
-177 74 75
-177 74 84
-168 56 66
-168 56 75
-168 56 84
-168 65 66
-168 65 75
-168 65 84
-168 74 66
-168 74 75
-168 74 84
-186 56 171
-186 56 180
-186 56 189
-186 65 171
-186 65 180
-186 65 189
-186 74 171
-186 74 180
-186 74 189
-177 56 171
-177 56 180
-177 56 189
-177 65 171
-177 65 180
-177 65 189
-177 74 171
-177 74 180
-177 74 189
-168 56 171
-168 56 180
-168 56 189
-168 65 171
-168 65 180
-168 65 189
-168 74 171
-168 74 180
-168 74 189
-186 171 66
-186 171 75
-186 171 84
-186 180 66
-186 180 75
-186 180 84
-186 189 66
-186 189 75
-186 189 84
-177 171 66
-177 171 75
-177 171 84
-177 180 66
-177 180 75
-177 180 84
-177 189 66
-177 189 75
-177 189 84
-168 171 66
-168 171 75
-168 171 84
-168 180 66
-168 180 75
-168 180 84
-168 189 66
-168 189 75
-168 189 84
-186 171 171
-186 171 180
-186 171 189
-186 180 171
-186 180 180
-186 180 189
-186 189 171
-186 189 180
-186 189 189
-177 171 171
-177 171 180
-177 171 189
-177 180 171
-177 180 180
-177 180 189
-177 189 171
-177 189 180
-177 189 189
-168 171 171
-168 171 180
-168 171 189
-168 180 171
-168 180 180
-168 180 189
-168 189 171
-168 189 180
-168 189 189
-186 171 -84
-186 171 -75
-186 171 -66
-186 180 -84
-186 180 -75
-186 180 -66
-186 189 -84
-186 189 -75
-186 189 -66
-177 171 -84
-177 171 -75
-177 171 -66
-177 180 -84
-177 180 -75
-177 180 -66
-177 189 -84
-177 189 -75
-177 189 -66
-168 171 -84
-168 171 -75
-168 171 -66
-168 180 -84
-168 180 -75
-168 180 -66
-168 189 -84
-168 189 -75
-168 189 -66
-76 171 66
-76 171 75
-76 171 84
-76 180 66
-76 180 75
-76 180 84
-76 189 66
-76 189 75
-76 189 84
-67 171 66
-67 171 75
-67 171 84
-67 180 66
-67 180 75
-67 180 84
-67 189 66
-67 189 75
-67 189 84
-58 171 66
-58 171 75
-58 171 84
-58 180 66
-58 180 75
-58 180 84
-58 189 66
-58 189 75
-58 189 84
-76 171 171
-76 171 180
-76 171 189
-76 180 171
-76 180 180
-76 180 189
-76 189 171
-76 189 180
-76 189 189
-67 171 171
-67 171 180
-67 171 189
-67 180 171
-67 180 180
-67 180 189
-67 189 171
-67 189 180
-67 189 189
-58 171 171
-58 171 180
-58 171 189
-58 180 171
-58 180 180
-58 180 189
-58 189 171
-58 189 180
-58 189 189
-76 171 -84
-76 171 -75
-76 171 -66
-76 180 -84
-76 180 -75
-76 180 -66
-76 189 -84
-76 189 -75
-76 189 -66
-67 171 -84
-67 171 -75
-67 171 -66
-67 180 -84
-67 180 -75
-67 180 -66
-67 189 -84
-67 189 -75
-67 189 -66
-58 171 -84
-58 171 -75
-58 171 -66
-58 180 -84
-58 180 -75
-58 180 -66
-58 189 -84
-58 189 -75
-58 189 -66
-74 -74 94
-74 -74 103
-74 -74 112
-74 -65 94
-74 -65 103
-74 -65 112
-74 -56 94
-74 -56 103
-74 -56 112
-65 -74 94
-65 -74 103
-65 -74 112
-65 -65 94
-65 -65 103
-65 -65 112
-65 -56 94
-65 -56 103
-65 -56 112
-56 -74 94
-56 -74 103
-56 -74 112
-56 -65 94
-56 -65 103
-56 -65 112
-56 -56 94
-56 -56 103
-56 -56 112
-74 -74 171
-74 -74 180
-74 -74 189
-74 -65 171
-74 -65 180
-74 -65 189
-74 -56 171
-74 -56 180
-74 -56 189
-65 -74 171
-65 -74 180
-65 -74 189
-65 -65 171
-65 -65 180
-65 -65 189
-65 -56 171
-65 -56 180
-65 -56 189
-56 -74 171
-56 -74 180
-56 -74 189
-56 -65 171
-56 -65 180
-56 -65 189
-56 -56 171
-56 -56 180
-56 -56 189
-74 -74 -79
-74 -74 -70
-74 -74 -61
-74 -65 -79
-74 -65 -70
-74 -65 -61
-74 -56 -79
-74 -56 -70
-74 -56 -61
-65 -74 -79
-65 -74 -70
-65 -74 -61
-65 -65 -79
-65 -65 -70
-65 -65 -61
-65 -56 -79
-65 -56 -70
-65 -56 -61
-56 -74 -79
-56 -74 -70
-56 -74 -61
-56 -65 -79
-56 -65 -70
-56 -65 -61
-56 -56 -79
-56 -56 -70
-56 -56 -61
SER 1 9
N CA CB OG
53
62
71
-186
-177
-168
-74
-65
-56
THR 1 9
N CA CB OG1
53
62
71
-184
-175
-166
-74
-65
-56
LYS 4 729
N CA CB CG
CA CB CG CD
CB CG CD CE
CG CD CE NZ
53 171 59 180
53 171 68 180
53 171 77 180
53 180 59 180
53 180 68 180
53 180 77 180
53 189 59 180
53 189 68 180
53 189 77 180
62 171 59 180
62 171 68 180
62 171 77 180
62 180 59 180
62 180 68 180
62 180 77 180
62 189 59 180
62 189 68 180
62 189 77 180
71 171 59 180
71 171 68 180
71 171 77 180
71 180 59 180
71 180 68 180
71 180 77 180
71 189 59 180
71 189 68 180
71 189 77 180
53 171 171 65
53 171 180 65
53 171 189 65
53 180 171 65
53 180 180 65
53 180 189 65
53 189 171 65
53 189 180 65
53 189 189 65
62 171 171 65
62 171 180 65
62 171 189 65
62 180 171 65
62 180 180 65
62 180 189 65
62 189 171 65
62 189 180 65
62 189 189 65
71 171 171 65
71 171 180 65
71 171 189 65
71 180 171 65
71 180 180 65
71 180 189 65
71 189 171 65
71 189 180 65
71 189 189 65
53 171 171 180
53 171 180 180
53 171 189 180
53 180 171 180
53 180 180 180
53 180 189 180
53 189 171 180
53 189 180 180
53 189 189 180
62 171 171 180
62 171 180 180
62 171 189 180
62 180 171 180
62 180 180 180
62 180 189 180
62 189 171 180
62 189 180 180
62 189 189 180
71 171 171 180
71 171 180 180
71 171 189 180
71 180 171 180
71 180 180 180
71 180 189 180
71 189 171 180
71 189 180 180
71 189 189 180
53 171 171 -65
53 171 180 -65
53 171 189 -65
53 180 171 -65
53 180 180 -65
53 180 189 -65
53 189 171 -65
53 189 180 -65
53 189 189 -65
62 171 171 -65
62 171 180 -65
62 171 189 -65
62 180 171 -65
62 180 180 -65
62 180 189 -65
62 189 171 -65
62 189 180 -65
62 189 189 -65
71 171 171 -65
71 171 180 -65
71 171 189 -65
71 180 171 -65
71 180 180 -65
71 180 189 -65
71 189 171 -65
71 189 180 -65
71 189 189 -65
53 171 -77 180
53 171 -68 180
53 171 -59 180
53 180 -77 180
53 180 -68 180
53 180 -59 180
53 189 -77 180
53 189 -68 180
53 189 -59 180
62 171 -77 180
62 171 -68 180
62 171 -59 180
62 180 -77 180
62 180 -68 180
62 180 -59 180
62 189 -77 180
62 189 -68 180
62 189 -59 180
71 171 -77 180
71 171 -68 180
71 171 -59 180
71 180 -77 180
71 180 -68 180
71 180 -59 180
71 189 -77 180
71 189 -68 180
71 189 -59 180
-186 59 171 65
-186 59 180 65
-186 59 189 65
-186 68 171 65
-186 68 180 65
-186 68 189 65
-186 77 171 65
-186 77 180 65
-186 77 189 65
-177 59 171 65
-177 59 180 65
-177 59 189 65
-177 68 171 65
-177 68 180 65
-177 68 189 65
-177 77 171 65
-177 77 180 65
-177 77 189 65
-168 59 171 65
-168 59 180 65
-168 59 189 65
-168 68 171 65
-168 68 180 65
-168 68 189 65
-168 77 171 65
-168 77 180 65
-168 77 189 65
-186 59 171 180
-186 59 180 180
-186 59 189 180
-186 68 171 180
-186 68 180 180
-186 68 189 180
-186 77 171 180
-186 77 180 180
-186 77 189 180
-177 59 171 180
-177 59 180 180
-177 59 189 180
-177 68 171 180
-177 68 180 180
-177 68 189 180
-177 77 171 180
-177 77 180 180
-177 77 189 180
-168 59 171 180
-168 59 180 180
-168 59 189 180
-168 68 171 180
-168 68 180 180
-168 68 189 180
-168 77 171 180
-168 77 180 180
-168 77 189 180
-186 59 171 -65
-186 59 180 -65
-186 59 189 -65
-186 68 171 -65
-186 68 180 -65
-186 68 189 -65
-186 77 171 -65
-186 77 180 -65
-186 77 189 -65
-177 59 171 -65
-177 59 180 -65
-177 59 189 -65
-177 68 171 -65
-177 68 180 -65
-177 68 189 -65
-177 77 171 -65
-177 77 180 -65
-177 77 189 -65
-168 59 171 -65
-168 59 180 -65
-168 59 189 -65
-168 68 171 -65
-168 68 180 -65
-168 68 189 -65
-168 77 171 -65
-168 77 180 -65
-168 77 189 -65
-186 171 59 65
-186 171 68 65
-186 171 77 65
-186 180 59 65
-186 180 68 65
-186 180 77 65
-186 189 59 65
-186 189 68 65
-186 189 77 65
-177 171 59 65
-177 171 68 65
-177 171 77 65
-177 180 59 65
-177 180 68 65
-177 180 77 65
-177 189 59 65
-177 189 68 65
-177 189 77 65
-168 171 59 65
-168 171 68 65
-168 171 77 65
-168 180 59 65
-168 180 68 65
-168 180 77 65
-168 189 59 65
-168 189 68 65
-168 189 77 65
-186 171 59 180
-186 171 68 180
-186 171 77 180
-186 180 59 180
-186 180 68 180
-186 180 77 180
-186 189 59 180
-186 189 68 180
-186 189 77 180
-177 171 59 180
-177 171 68 180
-177 171 77 180
-177 180 59 180
-177 180 68 180
-177 180 77 180
-177 189 59 180
-177 189 68 180
-177 189 77 180
-168 171 59 180
-168 171 68 180
-168 171 77 180
-168 180 59 180
-168 180 68 180
-168 180 77 180
-168 189 59 180
-168 189 68 180
-168 189 77 180
-186 171 171 65
-186 171 180 65
-186 171 189 65
-186 180 171 65
-186 180 180 65
-186 180 189 65
-186 189 171 65
-186 189 180 65
-186 189 189 65
-177 171 171 65
-177 171 180 65
-177 171 189 65
-177 180 171 65
-177 180 180 65
-177 180 189 65
-177 189 171 65
-177 189 180 65
-177 189 189 65
-168 171 171 65
-168 171 180 65
-168 171 189 65
-168 180 171 65
-168 180 180 65
-168 180 189 65
-168 189 171 65
-168 189 180 65
-168 189 189 65
-186 171 171 180
-186 171 180 180
-186 171 189 180
-186 180 171 180
-186 180 180 180
-186 180 189 180
-186 189 171 180
-186 189 180 180
-186 189 189 180
-177 171 171 180
-177 171 180 180
-177 171 189 180
-177 180 171 180
-177 180 180 180
-177 180 189 180
-177 189 171 180
-177 189 180 180
-177 189 189 180
-168 171 171 180
-168 171 180 180
-168 171 189 180
-168 180 171 180
-168 180 180 180
-168 180 189 180
-168 189 171 180
-168 189 180 180
-168 189 189 180
-186 171 171 -65
-186 171 180 -65
-186 171 189 -65
-186 180 171 -65
-186 180 180 -65
-186 180 189 -65
-186 189 171 -65
-186 189 180 -65
-186 189 189 -65
-177 171 171 -65
-177 171 180 -65
-177 171 189 -65
-177 180 171 -65
-177 180 180 -65
-177 180 189 -65
-177 189 171 -65
-177 189 180 -65
-177 189 189 -65
-168 171 171 -65
-168 171 180 -65
-168 171 189 -65
-168 180 171 -65
-168 180 180 -65
-168 180 189 -65
-168 189 171 -65
-168 189 180 -65
-168 189 189 -65
-186 171 -77 180
-186 171 -68 180
-186 171 -59 180
-186 180 -77 180
-186 180 -68 180
-186 180 -59 180
-186 189 -77 180
-186 189 -68 180
-186 189 -59 180
-177 171 -77 180
-177 171 -68 180
-177 171 -59 180
-177 180 -77 180
-177 180 -68 180
-177 180 -59 180
-177 189 -77 180
-177 189 -68 180
-177 189 -59 180
-168 171 -77 180
-168 171 -68 180
-168 171 -59 180
-168 180 -77 180
-168 180 -68 180
-168 180 -59 180
-168 189 -77 180
-168 189 -68 180
-168 189 -59 180
-186 171 -77 -65
-186 171 -68 -65
-186 171 -59 -65
-186 180 -77 -65
-186 180 -68 -65
-186 180 -59 -65
-186 189 -77 -65
-186 189 -68 -65
-186 189 -59 -65
-177 171 -77 -65
-177 171 -68 -65
-177 171 -59 -65
-177 180 -77 -65
-177 180 -68 -65
-177 180 -59 -65
-177 189 -77 -65
-177 189 -68 -65
-177 189 -59 -65
-168 171 -77 -65
-168 171 -68 -65
-168 171 -59 -65
-168 180 -77 -65
-168 180 -68 -65
-168 180 -59 -65
-168 189 -77 -65
-168 189 -68 -65
-168 189 -59 -65
-99 59 171 180
-99 59 180 180
-99 59 189 180
-99 68 171 180
-99 68 180 180
-99 68 189 180
-99 77 171 180
-99 77 180 180
-99 77 189 180
-90 59 171 180
-90 59 180 180
-90 59 189 180
-90 68 171 180
-90 68 180 180
-90 68 189 180
-90 77 171 180
-90 77 180 180
-90 77 189 180
-81 59 171 180
-81 59 180 180
-81 59 189 180
-81 68 171 180
-81 68 180 180
-81 68 189 180
-81 77 171 180
-81 77 180 180
-81 77 189 180
-76 171 59 65
-76 171 68 65
-76 171 77 65
-76 180 59 65
-76 180 68 65
-76 180 77 65
-76 189 59 65
-76 189 68 65
-76 189 77 65
-67 171 59 65
-67 171 68 65
-67 171 77 65
-67 180 59 65
-67 180 68 65
-67 180 77 65
-67 189 59 65
-67 189 68 65
-67 189 77 65
-58 171 59 65
-58 171 68 65
-58 171 77 65
-58 180 59 65
-58 180 68 65
-58 180 77 65
-58 189 59 65
-58 189 68 65
-58 189 77 65
-76 171 59 180
-76 171 68 180
-76 171 77 180
-76 180 59 180
-76 180 68 180
-76 180 77 180
-76 189 59 180
-76 189 68 180
-76 189 77 180
-67 171 59 180
-67 171 68 180
-67 171 77 180
-67 180 59 180
-67 180 68 180
-67 180 77 180
-67 189 59 180
-67 189 68 180
-67 189 77 180
-58 171 59 180
-58 171 68 180
-58 171 77 180
-58 180 59 180
-58 180 68 180
-58 180 77 180
-58 189 59 180
-58 189 68 180
-58 189 77 180
-76 171 171 65
-76 171 180 65
-76 171 189 65
-76 180 171 65
-76 180 180 65
-76 180 189 65
-76 189 171 65
-76 189 180 65
-76 189 189 65
-67 171 171 65
-67 171 180 65
-67 171 189 65
-67 180 171 65
-67 180 180 65
-67 180 189 65
-67 189 171 65
-67 189 180 65
-67 189 189 65
-58 171 171 65
-58 171 180 65
-58 171 189 65
-58 180 171 65
-58 180 180 65
-58 180 189 65
-58 189 171 65
-58 189 180 65
-58 189 189 65
-76 171 171 180
-76 171 180 180
-76 171 189 180
-76 180 171 180
-76 180 180 180
-76 180 189 180
-76 189 171 180
-76 189 180 180
-76 189 189 180
-67 171 171 180
-67 171 180 180
-67 171 189 180
-67 180 171 180
-67 180 180 180
-67 180 189 180
-67 189 171 180
-67 189 180 180
-67 189 189 180
-58 171 171 180
-58 171 180 180
-58 171 189 180
-58 180 171 180
-58 180 180 180
-58 180 189 180
-58 189 171 180
-58 189 180 180
-58 189 189 180
-76 171 171 -65
-76 171 180 -65
-76 171 189 -65
-76 180 171 -65
-76 180 180 -65
-76 180 189 -65
-76 189 171 -65
-76 189 180 -65
-76 189 189 -65
-67 171 171 -65
-67 171 180 -65
-67 171 189 -65
-67 180 171 -65
-67 180 180 -65
-67 180 189 -65
-67 189 171 -65
-67 189 180 -65
-67 189 189 -65
-58 171 171 -65
-58 171 180 -65
-58 171 189 -65
-58 180 171 -65
-58 180 180 -65
-58 180 189 -65
-58 189 171 -65
-58 189 180 -65
-58 189 189 -65
-76 171 -77 180
-76 171 -68 180
-76 171 -59 180
-76 180 -77 180
-76 180 -68 180
-76 180 -59 180
-76 189 -77 180
-76 189 -68 180
-76 189 -59 180
-67 171 -77 180
-67 171 -68 180
-67 171 -59 180
-67 180 -77 180
-67 180 -68 180
-67 180 -59 180
-67 189 -77 180
-67 189 -68 180
-67 189 -59 180
-58 171 -77 180
-58 171 -68 180
-58 171 -59 180
-58 180 -77 180
-58 180 -68 180
-58 180 -59 180
-58 189 -77 180
-58 189 -68 180
-58 189 -59 180
-76 171 -77 -65
-76 171 -68 -65
-76 171 -59 -65
-76 180 -77 -65
-76 180 -68 -65
-76 180 -59 -65
-76 189 -77 -65
-76 189 -68 -65
-76 189 -59 -65
-67 171 -77 -65
-67 171 -68 -65
-67 171 -59 -65
-67 180 -77 -65
-67 180 -68 -65
-67 180 -59 -65
-67 189 -77 -65
-67 189 -68 -65
-67 189 -59 -65
-58 171 -77 -65
-58 171 -68 -65
-58 171 -59 -65
-58 180 -77 -65
-58 180 -68 -65
-58 180 -59 -65
-58 189 -77 -65
-58 189 -68 -65
-58 189 -59 -65
-71 -77 171 65
-71 -77 180 65
-71 -77 189 65
-71 -68 171 65
-71 -68 180 65
-71 -68 189 65
-71 -59 171 65
-71 -59 180 65
-71 -59 189 65
-62 -77 171 65
-62 -77 180 65
-62 -77 189 65
-62 -68 171 65
-62 -68 180 65
-62 -68 189 65
-62 -59 171 65
-62 -59 180 65
-62 -59 189 65
-53 -77 171 65
-53 -77 180 65
-53 -77 189 65
-53 -68 171 65
-53 -68 180 65
-53 -68 189 65
-53 -59 171 65
-53 -59 180 65
-53 -59 189 65
-71 -77 171 180
-71 -77 180 180
-71 -77 189 180
-71 -68 171 180
-71 -68 180 180
-71 -68 189 180
-71 -59 171 180
-71 -59 180 180
-71 -59 189 180
-62 -77 171 180
-62 -77 180 180
-62 -77 189 180
-62 -68 171 180
-62 -68 180 180
-62 -68 189 180
-62 -59 171 180
-62 -59 180 180
-62 -59 189 180
-53 -77 171 180
-53 -77 180 180
-53 -77 189 180
-53 -68 171 180
-53 -68 180 180
-53 -68 189 180
-53 -59 171 180
-53 -59 180 180
-53 -59 189 180
-71 -77 171 -65
-71 -77 180 -65
-71 -77 189 -65
-71 -68 171 -65
-71 -68 180 -65
-71 -68 189 -65
-71 -59 171 -65
-71 -59 180 -65
-71 -59 189 -65
-62 -77 171 -65
-62 -77 180 -65
-62 -77 189 -65
-62 -68 171 -65
-62 -68 180 -65
-62 -68 189 -65
-62 -59 171 -65
-62 -59 180 -65
-62 -59 189 -65
-53 -77 171 -65
-53 -77 180 -65
-53 -77 189 -65
-53 -68 171 -65
-53 -68 180 -65
-53 -68 189 -65
-53 -59 171 -65
-53 -59 180 -65
-53 -59 189 -65
-71 -77 -77 180
-71 -77 -68 180
-71 -77 -59 180
-71 -68 -77 180
-71 -68 -68 180
-71 -68 -59 180
-71 -59 -77 180
-71 -59 -68 180
-71 -59 -59 180
-62 -77 -77 180
-62 -77 -68 180
-62 -77 -59 180
-62 -68 -77 180
-62 -68 -68 180
-62 -68 -59 180
-62 -59 -77 180
-62 -59 -68 180
-62 -59 -59 180
-53 -77 -77 180
-53 -77 -68 180
-53 -77 -59 180
-53 -68 -77 180
-53 -68 -68 180
-53 -68 -59 180
-53 -59 -77 180
-53 -59 -68 180
-53 -59 -59 180
ARG 4 918
N CA CB CG
CA CB CG CD
CB CG CD NE
CG CD NE CZ
53 171 56 85
53 171 65 85
53 171 74 85
53 180 56 85
53 180 65 85
53 180 74 85
53 189 56 85
53 189 65 85
53 189 74 85
62 171 56 85
62 171 65 85
62 171 74 85
62 180 56 85
62 180 65 85
62 180 74 85
62 189 56 85
62 189 65 85
62 189 74 85
71 171 56 85
71 171 65 85
71 171 74 85
71 180 56 85
71 180 65 85
71 180 74 85
71 189 56 85
71 189 65 85
71 189 74 85
53 171 56 -175
53 171 65 -175
53 171 74 -175
53 180 56 -175
53 180 65 -175
53 180 74 -175
53 189 56 -175
53 189 65 -175
53 189 74 -175
62 171 56 -175
62 171 65 -175
62 171 74 -175
62 180 56 -175
62 180 65 -175
62 180 74 -175
62 189 56 -175
62 189 65 -175
62 189 74 -175
71 171 56 -175
71 171 65 -175
71 171 74 -175
71 180 56 -175
71 180 65 -175
71 180 74 -175
71 189 56 -175
71 189 65 -175
71 189 74 -175
53 171 171 85
53 171 180 85
53 171 189 85
53 180 171 85
53 180 180 85
53 180 189 85
53 189 171 85
53 189 180 85
53 189 189 85
62 171 171 85
62 171 180 85
62 171 189 85
62 180 171 85
62 180 180 85
62 180 189 85
62 189 171 85
62 189 180 85
62 189 189 85
71 171 171 85
71 171 180 85
71 171 189 85
71 180 171 85
71 180 180 85
71 180 189 85
71 189 171 85
71 189 180 85
71 189 189 85
53 171 171 180
53 171 180 180
53 171 189 180
53 180 171 180
53 180 180 180
53 180 189 180
53 189 171 180
53 189 180 180
53 189 189 180
62 171 171 180
62 171 180 180
62 171 189 180
62 180 171 180
62 180 180 180
62 180 189 180
62 189 171 180
62 189 180 180
62 189 189 180
71 171 171 180
71 171 180 180
71 171 189 180
71 180 171 180
71 180 180 180
71 180 189 180
71 189 171 180
71 189 180 180
71 189 189 180
53 171 171 -85
53 171 180 -85
53 171 189 -85
53 180 171 -85
53 180 180 -85
53 180 189 -85
53 189 171 -85
53 189 180 -85
53 189 189 -85
62 171 171 -85
62 171 180 -85
62 171 189 -85
62 180 171 -85
62 180 180 -85
62 180 189 -85
62 189 171 -85
62 189 180 -85
62 189 189 -85
71 171 171 -85
71 171 180 -85
71 171 189 -85
71 180 171 -85
71 180 180 -85
71 180 189 -85
71 189 171 -85
71 189 180 -85
71 189 189 -85
53 171 -74 175
53 171 -65 175
53 171 -56 175
53 180 -74 175
53 180 -65 175
53 180 -56 175
53 189 -74 175
53 189 -65 175
53 189 -56 175
62 171 -74 175
62 171 -65 175
62 171 -56 175
62 180 -74 175
62 180 -65 175
62 180 -56 175
62 189 -74 175
62 189 -65 175
62 189 -56 175
71 171 -74 175
71 171 -65 175
71 171 -56 175
71 180 -74 175
71 180 -65 175
71 180 -56 175
71 189 -74 175
71 189 -65 175
71 189 -56 175
53 171 -74 -85
53 171 -65 -85
53 171 -56 -85
53 180 -74 -85
53 180 -65 -85
53 180 -56 -85
53 189 -74 -85
53 189 -65 -85
53 189 -56 -85
62 171 -74 -85
62 171 -65 -85
62 171 -56 -85
62 180 -74 -85
62 180 -65 -85
62 180 -56 -85
62 189 -74 -85
62 189 -65 -85
62 189 -56 -85
71 171 -74 -85
71 171 -65 -85
71 171 -56 -85
71 180 -74 -85
71 180 -65 -85
71 180 -56 -85
71 189 -74 -85
71 189 -65 -85
71 189 -56 -85
-186 56 56 85
-186 56 65 85
-186 56 74 85
-186 65 56 85
-186 65 65 85
-186 65 74 85
-186 74 56 85
-186 74 65 85
-186 74 74 85
-177 56 56 85
-177 56 65 85
-177 56 74 85
-177 65 56 85
-177 65 65 85
-177 65 74 85
-177 74 56 85
-177 74 65 85
-177 74 74 85
-168 56 56 85
-168 56 65 85
-168 56 74 85
-168 65 56 85
-168 65 65 85
-168 65 74 85
-168 74 56 85
-168 74 65 85
-168 74 74 85
-186 56 56 -175
-186 56 65 -175
-186 56 74 -175
-186 65 56 -175
-186 65 65 -175
-186 65 74 -175
-186 74 56 -175
-186 74 65 -175
-186 74 74 -175
-177 56 56 -175
-177 56 65 -175
-177 56 74 -175
-177 65 56 -175
-177 65 65 -175
-177 65 74 -175
-177 74 56 -175
-177 74 65 -175
-177 74 74 -175
-168 56 56 -175
-168 56 65 -175
-168 56 74 -175
-168 65 56 -175
-168 65 65 -175
-168 65 74 -175
-168 74 56 -175
-168 74 65 -175
-168 74 74 -175
-186 56 171 85
-186 56 180 85
-186 56 189 85
-186 65 171 85
-186 65 180 85
-186 65 189 85
-186 74 171 85
-186 74 180 85
-186 74 189 85
-177 56 171 85
-177 56 180 85
-177 56 189 85
-177 65 171 85
-177 65 180 85
-177 65 189 85
-177 74 171 85
-177 74 180 85
-177 74 189 85
-168 56 171 85
-168 56 180 85
-168 56 189 85
-168 65 171 85
-168 65 180 85
-168 65 189 85
-168 74 171 85
-168 74 180 85
-168 74 189 85
-186 56 171 180
-186 56 180 180
-186 56 189 180
-186 65 171 180
-186 65 180 180
-186 65 189 180
-186 74 171 180
-186 74 180 180
-186 74 189 180
-177 56 171 180
-177 56 180 180
-177 56 189 180
-177 65 171 180
-177 65 180 180
-177 65 189 180
-177 74 171 180
-177 74 180 180
-177 74 189 180
-168 56 171 180
-168 56 180 180
-168 56 189 180
-168 65 171 180
-168 65 180 180
-168 65 189 180
-168 74 171 180
-168 74 180 180
-168 74 189 180
-186 171 56 85
-186 171 65 85
-186 171 74 85
-186 180 56 85
-186 180 65 85
-186 180 74 85
-186 189 56 85
-186 189 65 85
-186 189 74 85
-177 171 56 85
-177 171 65 85
-177 171 74 85
-177 180 56 85
-177 180 65 85
-177 180 74 85
-177 189 56 85
-177 189 65 85
-177 189 74 85
-168 171 56 85
-168 171 65 85
-168 171 74 85
-168 180 56 85
-168 180 65 85
-168 180 74 85
-168 189 56 85
-168 189 65 85
-168 189 74 85
-186 171 56 -175
-186 171 65 -175
-186 171 74 -175
-186 180 56 -175
-186 180 65 -175
-186 180 74 -175
-186 189 56 -175
-186 189 65 -175
-186 189 74 -175
-177 171 56 -175
-177 171 65 -175
-177 171 74 -175
-177 180 56 -175
-177 180 65 -175
-177 180 74 -175
-177 189 56 -175
-177 189 65 -175
-177 189 74 -175
-168 171 56 -175
-168 171 65 -175
-168 171 74 -175
-168 180 56 -175
-168 180 65 -175
-168 180 74 -175
-168 189 56 -175
-168 189 65 -175
-168 189 74 -175
-186 171 56 -105
-186 171 65 -105
-186 171 74 -105
-186 180 56 -105
-186 180 65 -105
-186 180 74 -105
-186 189 56 -105
-186 189 65 -105
-186 189 74 -105
-177 171 56 -105
-177 171 65 -105
-177 171 74 -105
-177 180 56 -105
-177 180 65 -105
-177 180 74 -105
-177 189 56 -105
-177 189 65 -105
-177 189 74 -105
-168 171 56 -105
-168 171 65 -105
-168 171 74 -105
-168 180 56 -105
-168 180 65 -105
-168 180 74 -105
-168 189 56 -105
-168 189 65 -105
-168 189 74 -105
-186 171 171 85
-186 171 180 85
-186 171 189 85
-186 180 171 85
-186 180 180 85
-186 180 189 85
-186 189 171 85
-186 189 180 85
-186 189 189 85
-177 171 171 85
-177 171 180 85
-177 171 189 85
-177 180 171 85
-177 180 180 85
-177 180 189 85
-177 189 171 85
-177 189 180 85
-177 189 189 85
-168 171 171 85
-168 171 180 85
-168 171 189 85
-168 180 171 85
-168 180 180 85
-168 180 189 85
-168 189 171 85
-168 189 180 85
-168 189 189 85
-186 171 171 180
-186 171 180 180
-186 171 189 180
-186 180 171 180
-186 180 180 180
-186 180 189 180
-186 189 171 180
-186 189 180 180
-186 189 189 180
-177 171 171 180
-177 171 180 180
-177 171 189 180
-177 180 171 180
-177 180 180 180
-177 180 189 180
-177 189 171 180
-177 189 180 180
-177 189 189 180
-168 171 171 180
-168 171 180 180
-168 171 189 180
-168 180 171 180
-168 180 180 180
-168 180 189 180
-168 189 171 180
-168 189 180 180
-168 189 189 180
-186 171 171 -85
-186 171 180 -85
-186 171 189 -85
-186 180 171 -85
-186 180 180 -85
-186 180 189 -85
-186 189 171 -85
-186 189 180 -85
-186 189 189 -85
-177 171 171 -85
-177 171 180 -85
-177 171 189 -85
-177 180 171 -85
-177 180 180 -85
-177 180 189 -85
-177 189 171 -85
-177 189 180 -85
-177 189 189 -85
-168 171 171 -85
-168 171 180 -85
-168 171 189 -85
-168 180 171 -85
-168 180 180 -85
-168 180 189 -85
-168 189 171 -85
-168 189 180 -85
-168 189 189 -85
-186 171 -74 105
-186 171 -65 105
-186 171 -56 105
-186 180 -74 105
-186 180 -65 105
-186 180 -56 105
-186 189 -74 105
-186 189 -65 105
-186 189 -56 105
-177 171 -74 105
-177 171 -65 105
-177 171 -56 105
-177 180 -74 105
-177 180 -65 105
-177 180 -56 105
-177 189 -74 105
-177 189 -65 105
-177 189 -56 105
-168 171 -74 105
-168 171 -65 105
-168 171 -56 105
-168 180 -74 105
-168 180 -65 105
-168 180 -56 105
-168 189 -74 105
-168 189 -65 105
-168 189 -56 105
-186 171 -74 175
-186 171 -65 175
-186 171 -56 175
-186 180 -74 175
-186 180 -65 175
-186 180 -56 175
-186 189 -74 175
-186 189 -65 175
-186 189 -56 175
-177 171 -74 175
-177 171 -65 175
-177 171 -56 175
-177 180 -74 175
-177 180 -65 175
-177 180 -56 175
-177 189 -74 175
-177 189 -65 175
-177 189 -56 175
-168 171 -74 175
-168 171 -65 175
-168 171 -56 175
-168 180 -74 175
-168 180 -65 175
-168 180 -56 175
-168 189 -74 175
-168 189 -65 175
-168 189 -56 175
-186 171 -74 -85
-186 171 -65 -85
-186 171 -56 -85
-186 180 -74 -85
-186 180 -65 -85
-186 180 -56 -85
-186 189 -74 -85
-186 189 -65 -85
-186 189 -56 -85
-177 171 -74 -85
-177 171 -65 -85
-177 171 -56 -85
-177 180 -74 -85
-177 180 -65 -85
-177 180 -56 -85
-177 189 -74 -85
-177 189 -65 -85
-177 189 -56 -85
-168 171 -74 -85
-168 171 -65 -85
-168 171 -56 -85
-168 180 -74 -85
-168 180 -65 -85
-168 180 -56 -85
-168 189 -74 -85
-168 189 -65 -85
-168 189 -56 -85
-76 171 56 85
-76 171 65 85
-76 171 74 85
-76 180 56 85
-76 180 65 85
-76 180 74 85
-76 189 56 85
-76 189 65 85
-76 189 74 85
-67 171 56 85
-67 171 65 85
-67 171 74 85
-67 180 56 85
-67 180 65 85
-67 180 74 85
-67 189 56 85
-67 189 65 85
-67 189 74 85
-58 171 56 85
-58 171 65 85
-58 171 74 85
-58 180 56 85
-58 180 65 85
-58 180 74 85
-58 189 56 85
-58 189 65 85
-58 189 74 85
-76 171 56 -175
-76 171 65 -175
-76 171 74 -175
-76 180 56 -175
-76 180 65 -175
-76 180 74 -175
-76 189 56 -175
-76 189 65 -175
-76 189 74 -175
-67 171 56 -175
-67 171 65 -175
-67 171 74 -175
-67 180 56 -175
-67 180 65 -175
-67 180 74 -175
-67 189 56 -175
-67 189 65 -175
-67 189 74 -175
-58 171 56 -175
-58 171 65 -175
-58 171 74 -175
-58 180 56 -175
-58 180 65 -175
-58 180 74 -175
-58 189 56 -175
-58 189 65 -175
-58 189 74 -175
-76 171 56 -105
-76 171 65 -105
-76 171 74 -105
-76 180 56 -105
-76 180 65 -105
-76 180 74 -105
-76 189 56 -105
-76 189 65 -105
-76 189 74 -105
-67 171 56 -105
-67 171 65 -105
-67 171 74 -105
-67 180 56 -105
-67 180 65 -105
-67 180 74 -105
-67 189 56 -105
-67 189 65 -105
-67 189 74 -105
-58 171 56 -105
-58 171 65 -105
-58 171 74 -105
-58 180 56 -105
-58 180 65 -105
-58 180 74 -105
-58 189 56 -105
-58 189 65 -105
-58 189 74 -105
-76 171 171 85
-76 171 180 85
-76 171 189 85
-76 180 171 85
-76 180 180 85
-76 180 189 85
-76 189 171 85
-76 189 180 85
-76 189 189 85
-67 171 171 85
-67 171 180 85
-67 171 189 85
-67 180 171 85
-67 180 180 85
-67 180 189 85
-67 189 171 85
-67 189 180 85
-67 189 189 85
-58 171 171 85
-58 171 180 85
-58 171 189 85
-58 180 171 85
-58 180 180 85
-58 180 189 85
-58 189 171 85
-58 189 180 85
-58 189 189 85
-76 171 171 180
-76 171 180 180
-76 171 189 180
-76 180 171 180
-76 180 180 180
-76 180 189 180
-76 189 171 180
-76 189 180 180
-76 189 189 180
-67 171 171 180
-67 171 180 180
-67 171 189 180
-67 180 171 180
-67 180 180 180
-67 180 189 180
-67 189 171 180
-67 189 180 180
-67 189 189 180
-58 171 171 180
-58 171 180 180
-58 171 189 180
-58 180 171 180
-58 180 180 180
-58 180 189 180
-58 189 171 180
-58 189 180 180
-58 189 189 180
-76 171 171 -85
-76 171 180 -85
-76 171 189 -85
-76 180 171 -85
-76 180 180 -85
-76 180 189 -85
-76 189 171 -85
-76 189 180 -85
-76 189 189 -85
-67 171 171 -85
-67 171 180 -85
-67 171 189 -85
-67 180 171 -85
-67 180 180 -85
-67 180 189 -85
-67 189 171 -85
-67 189 180 -85
-67 189 189 -85
-58 171 171 -85
-58 171 180 -85
-58 171 189 -85
-58 180 171 -85
-58 180 180 -85
-58 180 189 -85
-58 189 171 -85
-58 189 180 -85
-58 189 189 -85
-76 171 -74 105
-76 171 -65 105
-76 171 -56 105
-76 180 -74 105
-76 180 -65 105
-76 180 -56 105
-76 189 -74 105
-76 189 -65 105
-76 189 -56 105
-67 171 -74 105
-67 171 -65 105
-67 171 -56 105
-67 180 -74 105
-67 180 -65 105
-67 180 -56 105
-67 189 -74 105
-67 189 -65 105
-67 189 -56 105
-58 171 -74 105
-58 171 -65 105
-58 171 -56 105
-58 180 -74 105
-58 180 -65 105
-58 180 -56 105
-58 189 -74 105
-58 189 -65 105
-58 189 -56 105
-76 171 -74 175
-76 171 -65 175
-76 171 -56 175
-76 180 -74 175
-76 180 -65 175
-76 180 -56 175
-76 189 -74 175
-76 189 -65 175
-76 189 -56 175
-67 171 -74 175
-67 171 -65 175
-67 171 -56 175
-67 180 -74 175
-67 180 -65 175
-67 180 -56 175
-67 189 -74 175
-67 189 -65 175
-67 189 -56 175
-58 171 -74 175
-58 171 -65 175
-58 171 -56 175
-58 180 -74 175
-58 180 -65 175
-58 180 -56 175
-58 189 -74 175
-58 189 -65 175
-58 189 -56 175
-76 -176 -74 -85
-76 -176 -65 -85
-76 -176 -56 -85
-76 -167 -74 -85
-76 -167 -65 -85
-76 -167 -56 -85
-76 -158 -74 -85
-76 -158 -65 -85
-76 -158 -56 -85
-67 -176 -74 -85
-67 -176 -65 -85
-67 -176 -56 -85
-67 -167 -74 -85
-67 -167 -65 -85
-67 -167 -56 -85
-67 -158 -74 -85
-67 -158 -65 -85
-67 -158 -56 -85
-58 -176 -74 -85
-58 -176 -65 -85
-58 -176 -56 -85
-58 -167 -74 -85
-58 -167 -65 -85
-58 -167 -56 -85
-58 -158 -74 -85
-58 -158 -65 -85
-58 -158 -56 -85
-71 -77 171 85
-71 -77 180 85
-71 -77 189 85
-71 -68 171 85
-71 -68 180 85
-71 -68 189 85
-71 -59 171 85
-71 -59 180 85
-71 -59 189 85
-62 -77 171 85
-62 -77 180 85
-62 -77 189 85
-62 -68 171 85
-62 -68 180 85
-62 -68 189 85
-62 -59 171 85
-62 -59 180 85
-62 -59 189 85
-53 -77 171 85
-53 -77 180 85
-53 -77 189 85
-53 -68 171 85
-53 -68 180 85
-53 -68 189 85
-53 -59 171 85
-53 -59 180 85
-53 -59 189 85
-71 -77 171 180
-71 -77 180 180
-71 -77 189 180
-71 -68 171 180
-71 -68 180 180
-71 -68 189 180
-71 -59 171 180
-71 -59 180 180
-71 -59 189 180
-62 -77 171 180
-62 -77 180 180
-62 -77 189 180
-62 -68 171 180
-62 -68 180 180
-62 -68 189 180
-62 -59 171 180
-62 -59 180 180
-62 -59 189 180
-53 -77 171 180
-53 -77 180 180
-53 -77 189 180
-53 -68 171 180
-53 -68 180 180
-53 -68 189 180
-53 -59 171 180
-53 -59 180 180
-53 -59 189 180
-71 -77 171 -85
-71 -77 180 -85
-71 -77 189 -85
-71 -68 171 -85
-71 -68 180 -85
-71 -68 189 -85
-71 -59 171 -85
-71 -59 180 -85
-71 -59 189 -85
-62 -77 171 -85
-62 -77 180 -85
-62 -77 189 -85
-62 -68 171 -85
-62 -68 180 -85
-62 -68 189 -85
-62 -59 171 -85
-62 -59 180 -85
-62 -59 189 -85
-53 -77 171 -85
-53 -77 180 -85
-53 -77 189 -85
-53 -68 171 -85
-53 -68 180 -85
-53 -68 189 -85
-53 -59 171 -85
-53 -59 180 -85
-53 -59 189 -85
-71 -77 -74 175
-71 -77 -65 175
-71 -77 -56 175
-71 -68 -74 175
-71 -68 -65 175
-71 -68 -56 175
-71 -59 -74 175
-71 -59 -65 175
-71 -59 -56 175
-62 -77 -74 175
-62 -77 -65 175
-62 -77 -56 175
-62 -68 -74 175
-62 -68 -65 175
-62 -68 -56 175
-62 -59 -74 175
-62 -59 -65 175
-62 -59 -56 175
-53 -77 -74 175
-53 -77 -65 175
-53 -77 -56 175
-53 -68 -74 175
-53 -68 -65 175
-53 -68 -56 175
-53 -59 -74 175
-53 -59 -65 175
-53 -59 -56 175
-71 -77 -74 -85
-71 -77 -65 -85
-71 -77 -56 -85
-71 -68 -74 -85
-71 -68 -65 -85
-71 -68 -56 -85
-71 -59 -74 -85
-71 -59 -65 -85
-71 -59 -56 -85
-62 -77 -74 -85
-62 -77 -65 -85
-62 -77 -56 -85
-62 -68 -74 -85
-62 -68 -65 -85
-62 -68 -56 -85
-62 -59 -74 -85
-62 -59 -65 -85
-62 -59 -56 -85
-53 -77 -74 -85
-53 -77 -65 -85
-53 -77 -56 -85
-53 -68 -74 -85
-53 -68 -65 -85
-53 -68 -56 -85
-53 -59 -74 -85
-53 -59 -65 -85
-53 -59 -56 -85
HIS 2 72
N CA CB CG
CA CB CG ND1
53 -84
53 -75
53 -66
62 -84
62 -75
62 -66
71 -84
71 -75
71 -66
53 71
53 80
53 89
62 71
62 80
62 89
71 71
71 80
71 89
-186 -174
-186 -165
-186 -156
-177 -174
-177 -165
-177 -156
-168 -174
-168 -165
-168 -156
-186 -89
-186 -80
-186 -71
-177 -89
-177 -80
-177 -71
-168 -89
-168 -80
-168 -71
-186 51
-186 60
-186 69
-177 51
-177 60
-177 69
-168 51
-168 60
-168 69
-74 -79
-74 -70
-74 -61
-65 -79
-65 -70
-65 -61
-56 -79
-56 -70
-56 -61
-74 156
-74 165
-74 174
-65 156
-65 165
-65 174
-56 156
-56 165
-56 174
-74 71
-74 80
-74 89
-65 71
-65 80
-65 89
-56 71
-56 80
-56 89
ASP 2 45
N CA CB CG
CA CB CG OD1
53 -19
53 -10
53 -1
62 -19
62 -10
62 -1
71 -19
71 -10
71 -1
53 21
53 30
53 39
62 21
62 30
62 39
71 21
71 30
71 39
-186 -9
-186 0
-186 9
-177 -9
-177 0
-177 9
-168 -9
-168 0
-168 9
-186 56
-186 65
-186 74
-177 56
-177 65
-177 74
-168 56
-168 65
-168 74
-79 -24
-79 -15
-79 -6
-70 -24
-70 -15
-70 -6
-61 -24
-61 -15
-61 -6
GLU 3 216
N CA CB CG
CA CB CG CD
CB CG CD OE1
53 171 -29
53 171 -20
53 171 -11
53 180 -29
53 180 -20
53 180 -11
53 189 -29
53 189 -20
53 189 -11
62 171 -29
62 171 -20
62 171 -11
62 180 -29
62 180 -20
62 180 -11
62 189 -29
62 189 -20
62 189 -11
71 171 -29
71 171 -20
71 171 -11
71 180 -29
71 180 -20
71 180 -11
71 189 -29
71 189 -20
71 189 -11
61 -89 -9
61 -89 0
61 -89 9
61 -80 -9
61 -80 0
61 -80 9
61 -71 -9
61 -71 0
61 -71 9
70 -89 -9
70 -89 0
70 -89 9
70 -80 -9
70 -80 0
70 -80 9
70 -71 -9
70 -71 0
70 -71 9
79 -89 -9
79 -89 0
79 -89 9
79 -80 -9
79 -80 0
79 -80 9
79 -71 -9
79 -71 0
79 -71 9
-186 56 1
-186 56 10
-186 56 19
-186 65 1
-186 65 10
-186 65 19
-186 74 1
-186 74 10
-186 74 19
-177 56 1
-177 56 10
-177 56 19
-177 65 1
-177 65 10
-177 65 19
-177 74 1
-177 74 10
-177 74 19
-168 56 1
-168 56 10
-168 56 19
-168 65 1
-168 65 10
-168 65 19
-168 74 1
-168 74 10
-168 74 19
-186 171 -9
-186 171 0
-186 171 9
-186 180 -9
-186 180 0
-186 180 9
-186 189 -9
-186 189 0
-186 189 9
-177 171 -9
-177 171 0
-177 171 9
-177 180 -9
-177 180 0
-177 180 9
-177 189 -9
-177 189 0
-177 189 9
-168 171 -9
-168 171 0
-168 171 9
-168 180 -9
-168 180 0
-168 180 9
-168 189 -9
-168 189 0
-168 189 9
-186 -89 -34
-186 -89 -25
-186 -89 -16
-186 -80 -34
-186 -80 -25
-186 -80 -16
-186 -71 -34
-186 -71 -25
-186 -71 -16
-177 -89 -34
-177 -89 -25
-177 -89 -16
-177 -80 -34
-177 -80 -25
-177 -80 -16
-177 -71 -34
-177 -71 -25
-177 -71 -16
-168 -89 -34
-168 -89 -25
-168 -89 -16
-168 -80 -34
-168 -80 -25
-168 -80 -16
-168 -71 -34
-168 -71 -25
-168 -71 -16
-74 76 -9
-74 76 0
-74 76 9
-74 85 -9
-74 85 0
-74 85 9
-74 94 -9
-74 94 0
-74 94 9
-65 76 -9
-65 76 0
-65 76 9
-65 85 -9
-65 85 0
-65 85 9
-65 94 -9
-65 94 0
-65 94 9
-56 76 -9
-56 76 0
-56 76 9
-56 85 -9
-56 85 0
-56 85 9
-56 94 -9
-56 94 0
-56 94 9
-76 171 -19
-76 171 -10
-76 171 -1
-76 180 -19
-76 180 -10
-76 180 -1
-76 189 -19
-76 189 -10
-76 189 -1
-67 171 -19
-67 171 -10
-67 171 -1
-67 180 -19
-67 180 -10
-67 180 -1
-67 189 -19
-67 189 -10
-67 189 -1
-58 171 -19
-58 171 -10
-58 171 -1
-58 180 -19
-58 180 -10
-58 180 -1
-58 189 -19
-58 189 -10
-58 189 -1
-74 -74 -49
-74 -74 -40
-74 -74 -31
-74 -65 -49
-74 -65 -40
-74 -65 -31
-74 -56 -49
-74 -56 -40
-74 -56 -31
-65 -74 -49
-65 -74 -40
-65 -74 -31
-65 -65 -49
-65 -65 -40
-65 -65 -31
-65 -56 -49
-65 -56 -40
-65 -56 -31
-56 -74 -49
-56 -74 -40
-56 -74 -31
-56 -65 -49
-56 -65 -40
-56 -65 -31
-56 -56 -49
-56 -56 -40
-56 -56 -31
ASN 2 63
N CA CB CG
CA CB CG OD1
53 -19
53 -10
53 -1
62 -19
62 -10
62 -1
71 -19
71 -10
71 -1
53 21
53 30
53 39
62 21
62 30
62 39
71 21
71 30
71 39
-183 -29
-183 -20
-183 -11
-174 -29
-174 -20
-174 -11
-165 -29
-165 -20
-165 -11
-186 21
-186 30
-186 39
-177 21
-177 30
-177 39
-168 21
-168 30
-168 39
-74 -29
-74 -20
-74 -11
-65 -29
-65 -20
-65 -11
-56 -29
-56 -20
-56 -11
-74 -84
-74 -75
-74 -66
-65 -84
-65 -75
-65 -66
-56 -84
-56 -75
-56 -66
-74 111
-74 120
-74 129
-65 111
-65 120
-65 129
-56 111
-56 120
-56 129
GLN 3 243
N CA CB CG
CA CB CG CD
CB CG CD OE1
53 171 11
53 171 20
53 171 29
53 180 11
53 180 20
53 180 29
53 189 11
53 189 20
53 189 29
62 171 11
62 171 20
62 171 29
62 180 11
62 180 20
62 180 29
62 189 11
62 189 20
62 189 29
71 171 11
71 171 20
71 171 29
71 180 11
71 180 20
71 180 29
71 189 11
71 189 20
71 189 29
61 -84 -9
61 -84 0
61 -84 9
61 -75 -9
61 -75 0
61 -75 9
61 -66 -9
61 -66 0
61 -66 9
70 -84 -9
70 -84 0
70 -84 9
70 -75 -9
70 -75 0
70 -75 9
70 -66 -9
70 -66 0
70 -66 9
79 -84 -9
79 -84 0
79 -84 9
79 -75 -9
79 -75 0
79 -75 9
79 -66 -9
79 -66 0
79 -66 9
-186 56 -109
-186 56 -100
-186 56 -91
-186 65 -109
-186 65 -100
-186 65 -91
-186 74 -109
-186 74 -100
-186 74 -91
-177 56 -109
-177 56 -100
-177 56 -91
-177 65 -109
-177 65 -100
-177 65 -91
-177 74 -109
-177 74 -100
-177 74 -91
-168 56 -109
-168 56 -100
-168 56 -91
-168 65 -109
-168 65 -100
-168 65 -91
-168 74 -109
-168 74 -100
-168 74 -91
-186 56 51
-186 56 60
-186 56 69
-186 65 51
-186 65 60
-186 65 69
-186 74 51
-186 74 60
-186 74 69
-177 56 51
-177 56 60
-177 56 69
-177 65 51
-177 65 60
-177 65 69
-177 74 51
-177 74 60
-177 74 69
-168 56 51
-168 56 60
-168 56 69
-168 65 51
-168 65 60
-168 65 69
-168 74 51
-168 74 60
-168 74 69
-186 171 -9
-186 171 0
-186 171 9
-186 180 -9
-186 180 0
-186 180 9
-186 189 -9
-186 189 0
-186 189 9
-177 171 -9
-177 171 0
-177 171 9
-177 180 -9
-177 180 0
-177 180 9
-177 189 -9
-177 189 0
-177 189 9
-168 171 -9
-168 171 0
-168 171 9
-168 180 -9
-168 180 0
-168 180 9
-168 189 -9
-168 189 0
-168 189 9
-74 76 -9
-74 76 0
-74 76 9
-74 85 -9
-74 85 0
-74 85 9
-74 94 -9
-74 94 0
-74 94 9
-65 76 -9
-65 76 0
-65 76 9
-65 85 -9
-65 85 0
-65 85 9
-65 94 -9
-65 94 0
-65 94 9
-56 76 -9
-56 76 0
-56 76 9
-56 85 -9
-56 85 0
-56 85 9
-56 94 -9
-56 94 0
-56 94 9
-76 171 -34
-76 171 -25
-76 171 -16
-76 180 -34
-76 180 -25
-76 180 -16
-76 189 -34
-76 189 -25
-76 189 -16
-67 171 -34
-67 171 -25
-67 171 -16
-67 180 -34
-67 180 -25
-67 180 -16
-67 189 -34
-67 189 -25
-67 189 -16
-58 171 -34
-58 171 -25
-58 171 -16
-58 180 -34
-58 180 -25
-58 180 -16
-58 189 -34
-58 189 -25
-58 189 -16
-74 -74 -49
-74 -74 -40
-74 -74 -31
-74 -65 -49
-74 -65 -40
-74 -65 -31
-74 -56 -49
-74 -56 -40
-74 -56 -31
-65 -74 -49
-65 -74 -40
-65 -74 -31
-65 -65 -49
-65 -65 -40
-65 -65 -31
-65 -56 -49
-65 -56 -40
-65 -56 -31
-56 -74 -49
-56 -74 -40
-56 -74 -31
-56 -65 -49
-56 -65 -40
-56 -65 -31
-56 -56 -49
-56 -56 -40
-56 -56 -31
-74 -74 91
-74 -74 100
-74 -74 109
-74 -65 91
-74 -65 100
-74 -65 109
-74 -56 91
-74 -56 100
-74 -56 109
-65 -74 91
-65 -74 100
-65 -74 109
-65 -65 91
-65 -65 100
-65 -65 109
-65 -56 91
-65 -56 100
-65 -56 109
-56 -74 91
-56 -74 100
-56 -74 109
-56 -65 91
-56 -65 100
-56 -65 109
-56 -56 91
-56 -56 100
-56 -56 109
GLY 0 0
